22,5
22,4
22,3
22,2
22,1
4294967278,335
4294967294,428
4294967294,187
21,4
21,3
21,2
21,1
4294967279,530
20,5
20,4
20,3
20,2
20,1
4294967278,334
4294967279,529
4294967279,528
19,5
19,4
19,3
19,2
19,1
4294967278,333
4294967279,527
4294967279,526
4294967278,332
18,4
4294967279,525
18,3
18,2
18,1
4294967279,524
4294967278,331
4294967279,523
4294967278,330
4294967279,522
4294967278,329
4294967279,521
17,5
4294967278,328
4294967279,520
17,4
4294967279,519
17,3
17,2
17,1
4294967279,518
4294967278,327
4294967278,326
4294967279,517
4294967279,516
4294967279,515
4294967279,514
16,5
16,4
16,3
16,2
16,1
15,4
15,3
15,2
15,1
14,5
14,4
14,3
14,2
14,1
4294967278,325
4294967279,513
4294967279,512
4294967278,324
4294967279,319
4294967279,318
4294967278,323
4294967278,322
4294967279,317
4294967279,316
4294967278,321
4294967279,315
4294967278,320
13,5
13,4
13,3
13,2
13,1
4294967278,319
4294967294,473
12,4
12,3
12,2
12,1
4294967278,318
4294967278,317
11,5
11,4
11,3
11,2
11,1
4294967278,316
4294967278,315
4294967278,314
4294967278,313
4294967278,312
10,4
10,3
10,2
10,1
4294967278,311
4294967278,310
9,5
9,4
9,3
9,2
9,1
4294967278,309
4294967278,308
4294967278,307
4294967278,306
4294967278,305
4294967278,304
8,4
8,3
8,2
8,1
4294967278,303
4294967278,302
7,5
7,4
7,3
7,2
7,1
4294967278,301
4294967278,300
4294967278,299
4294967278,298
4294967278,297
6,4
6,3
6,2
6,1
4294967278,296
4294967278,295
5,5
5,4
5,3
5,2
5,1
4294967278,294
4294967278,293
4294967278,292
4294967278,291
4,4
4,3
4,2
4,1
3,5
3,4
3,3
3,2
3,1
4294967278,290
4294967278,289
4294967278,288
2,5
4294967278,287
2,4
2,3
2,2
2,1
4294967294,1414
4294967294,1413
4294967294,472
4294967294,83
4294967278,286
4294967293,131
4294967293,130
4294967293,129
4294967293,128
4294967293,127
4294967293,126
4294967293,125
4294967293,124
4294967293,123
4294967293,122
4294967293,121
4294967293,120
4294967293,119
4294967293,118
4294967293,117
4294967293,116
4294967293,115
4294967293,114
4294967293,113
4294967293,112
4294967293,111
4294967293,110
4294967293,109
4294967293,108
4294967293,107
4294967293,106
4294967293,105
4294967293,104
4294967293,103
4294967293,102
4294967293,101
4294967293,100
4294967293,99
4294967293,98
4294967293,97
4294967293,96
4294967293,95
4294967293,94
4294967293,93
4294967293,92
4294967293,91
4294967293,90
4294967293,89
4294967293,88
4294967293,87
4294967293,86
4294967293,85
4294967293,84
4294967293,83
4294967293,82
4294967293,81
4294967293,80
4294967293,79
4294967293,78
4294967293,77
4294967293,76
4294967293,75
4294967293,74
4294967293,73
4294967293,72
4294967293,71
4294967293,70
4294967293,69
4294967293,68
4294967293,67
4294967293,66
4294967293,65
4294967293,64
4294967293,63
4294967293,62
4294967293,61
4294967293,60
4294967293,59
4294967293,58
4294967293,57
4294967293,56
4294967293,55
4294967293,54
4294967293,53
4294967293,52
4294967293,51
4294967293,50
4294967293,49
4294967293,48
4294967293,47
4294967293,46
4294967293,45
4294967293,44
4294967293,43
4294967293,42
4294967293,41
4294967293,40
4294967293,39
4294967293,38
4294967293,37
4294967293,36
4294967293,35
4294967293,34
4294967293,33
4294967293,32
4294967293,31
4294967293,30
4294967293,29
4294967293,28
4294967293,27
4294967293,26
4294967293,25
4294967293,24
4294967293,23
4294967293,22
4294967293,21
4294967293,20
4294967293,19
4294967293,18
4294967293,17
4294967293,16
4294967293,15
4294967293,14
4294967293,13
4294967293,12
4294967293,11
4294967293,10
4294967293,9
4294967293,8
4294967293,7
4294967293,6
4294967293,5
4294967293,4
4294967293,3
4294967293,2
4243767290,0
4243767289,0
4243767288,0
4243767287,0
4243767286,0
4243767285,0
4243767284,0
4243767283,0
4243767282,0
4243767281,0
4294967293,0
4294967279,431
4294967279,430
4294967279,429
4294967279,428
4294967279,427
4294967279,426
4294967279,425
4294967279,424
4294967279,423
4294967279,422
4294967279,421
4294967279,420
4294967279,419
4294967279,418
4294967279,417
4294967279,416
4294967279,135
4294967279,479
4294967279,478
4294967279,477
4294967279,476
4294967279,475
4294967279,474
4294967279,473
4294967279,472
4294967279,471
4294967279,470
4294967279,469
4294967279,468
4294967279,467
4294967279,466
4294967279,465
4294967279,464
4294967279,463
4294967279,462
4294967279,461
4294967279,460
4294967279,459
4294967279,458
4294967279,457
4294967279,456
4294967279,455
4294967279,454
4294967279,453
4294967279,452
4294967279,451
4294967279,450
4294967279,449
4294967279,448
4294967279,487
4294967279,486
4294967279,485
4294967279,484
4294967279,483
4294967279,482
4294967279,481
4294967279,480
4294967279,287
4294967279,286
4294967279,285
4294967279,284
4294967279,283
4294967279,282
4294967279,281
4294967279,280
4294967279,279
4294967279,278
4294967279,277
4294967279,276
4294967279,275
4294967279,271
4294967279,269
4294967279,268
4294967279,266
4294967279,265
4294967279,263
4294967279,262
4294967279,260
4294967279,259
4294967279,258
4294967279,256
0,5
4294967278,134
4294967278,285
4294967278,284
4294967278,283
4294967278,282
4294967278,281
4294967278,276
4294967278,274
4294967278,271
4294967278,269
4294967278,268
4294967278,266
4294967278,262
4294967278,260
4294967278,21
4294967278,20
4294967278,17
4294967278,14
4294967278,11
4294967278,5
4294967278,4
4294967278,0
4294967294,1311
4294967294,1310
4294967294,1309
4294967294,1308
4294967294,1307
4294967294,1306
4294967294,1305
4294967294,1304
4294967294,1303
4294967294,1302
